0.076422
0.100847
0.155024
0.031660
0.063483
0.074320
0.012839
0.001101
0.151258
0.035978
0.051502
0.071976
0.009873
0.029785
0.094829
0.182677
0.024714
0.002357
0.205303
0.100302
0.053679
0.034675
0.142910
0.070961
0.128992
0.048905
0.007591
0.019716
0.004152
0.029726
0.013691
0.002393
0.039275
0.026336
0.072579
0.054562
0.048841
0.124815
0.018238
0.032591
0.017206
0.015379
0.024209
0.009584
0.071569
0.035467
0.031060
0.007107
0.007455
0.014675
0.985616
0.923691
0.061865
0.068115
0.002835
0.084215
0.118482
0.069634
0.089514
0.043819
0.067211
0.026199
0.049828
0.016411
0.066757
0.086421
0.061236
0.037487
0.125022
0.055407
0.037280
0.055996
0.080995
0.137358
0.036529
0.071201
0.079322
0.075179
0.019455
0.082713
0.074447
0.117927
0.124017
0.182915
0.038007
0.034200
0.130176
0.068893
0.082441
0.011464
0.018267
0.024500
0.056733
0.094335
0.014427
0.043401
0.025352
0.125761
0.161214
0.147152
0.017066
0.051888
0.020536
0.006016
0.164378
0.152040
0.065923
0.194093
0.107970
0.052986
0.071820
0.156935
0.044297
0.103260
0.165367
0.105084
0.062616
0.204961
0.040689
0.161524
0.068405
0.059220
0.068091
0.033316
0.034861
0.106579
0.144097
0.029687
0.035310
0.007177
0.209393
0.051363
0.059160
0.013210
0.029434
0.028780
0.111487
0.086689
0.128166
0.146222
0.087907
0.021780
0.155472
0.103406
0.073895
0.142852
0.063979
0.086271
0.037808
0.000427
0.143997
0.026959
0.973377
0.957099
0.952463
0.976942
0.959389
0.954777
0.987509
0.988626
0.943610
0.967662
0.930292
0.970647
0.982628
0.994948
0.957085
0.973225
0.966878
0.957082
0.998223
0.970022
0.996279
0.968413
0.993683
0.924678
0.937099
0.945698
0.983872
0.995506
0.969962
0.925270
0.968066
0.976970
0.983512
0.996975
0.991803
0.978654
0.974107
0.957265
0.984750
0.984086
0.926468
0.942380
0.944823
0.938581
0.946426
0.955971
0.976738
0.870735
0.978521
0.978586
0.963241
0.960574
0.925703
0.736589
0.872696
0.883096
0.922444
0.959691
0.863497
0.863377
0.901561
0.968587
0.865418
0.996054
0.868538
0.908654
0.772987
0.775836
0.931741
0.707124
0.873641
0.911951
0.805958
0.925034
0.804363
0.904307
0.893475
0.874638
0.944902
0.896162
0.838937
0.813906
0.725346
0.777139
0.799742
0.883170
0.940288
0.781034
0.916662
0.940053
0.676081
0.810607
0.960852
0.884846
0.860594
0.913201
0.888934
0.871307
0.952168
0.813623
0.891122
0.884529
0.957210
0.918655
0.970164
0.945406
0.914258
0.942077
0.909320
0.963697
0.839822
0.885696
0.855373
0.990376
0.760361
0.931723
0.985936
0.995456
0.985896
0.997524
0.939515
0.908323
0.978436
0.933759
0.940672
0.944899
0.799850
0.945534
0.931146
0.981349
0.931377
0.950716
0.994018
0.961270
0.931694
0.989774
0.975197
0.926695
0.984321
0.970497
0.976210
0.956873
0.939677
0.940876
0.968356
0.978300
0.887368
0.950219
0.996712
0.989030
0.750926
0.978928
0.003888
0.139310
0.102067
0.078449
0.144290
0.031387
0.094250
0.199078
0.073929
0.164263
0.010233
0.033534
0.113626
0.117962
0.089124
0.144968
0.101104
0.005805
0.013269
0.129985
0.046177
0.039444
0.125175
0.034911
0.122288
0.155076
0.000285
0.193539
0.131271
0.153125
0.003998
0.165270
0.047557
0.010730
0.088077
0.056133
0.067921
0.108797
0.032726
0.118630
0.047642
0.356182
0.013161
0.036548
0.191488
0.014153
0.013802
0.017080
0.097644
0.084466
0.987373
0.983815
0.953925
0.994825
0.971584
0.959867
0.991852
0.989748
0.998498
0.990166
0.964752
0.955118
0.967858
0.960787
0.952123
0.978010
0.964981
0.939544
0.978650
0.969605
0.965622
0.996577
0.935253
0.965264
0.991448
0.970531
0.997969
0.990832
0.993592
0.948973
0.985783
0.998324
0.970638
0.991426
0.996280
0.949628
0.896390
0.958765
0.904850
0.995503
0.973797
0.985739
0.916215
0.972172
0.923171
0.915523
0.984820
0.978163
0.974552
0.967112
0.997167
0.948977
0.965980
0.977124
0.987664
0.945543
0.916212
0.918495
0.976862
0.974782
0.987774
0.995802
0.957860
0.990765
0.984658
0.984262
0.965431
0.977705
0.987554
0.902806
0.992339
0.963844
0.997653
0.981356
0.943491
0.974221
0.941150
0.957802
0.915529
0.947627
0.984624
0.904603
0.945010
0.889713
0.817979
0.098782
0.104274
0.132265
0.115756
0.171556
0.119792
0.104002
0.053830
0.187371
0.126487
0.239753
0.092425
0.859823
0.990438
0.967083
0.803715
0.894448
0.873047
0.060940
0.080981
0.163721
0.123541
0.176716
0.132093
0.163815
0.060668
0.062707
0.019984
0.085908
0.141028
0.111384
0.143754
0.058109
0.136221
0.070743
0.117328
0.842167
0.914352
0.884956
0.994761
0.888137
0.807621
0.947525
0.955621
0.897748
0.826375
0.164833
0.170481
0.401102
0.027826
0.100146
0.093789
0.204894
0.110629
0.285322
0.209909
0.228100
0.971877
0.876840
0.951117
0.959027
0.947321
0.950942
0.985788
0.888962
0.985059
0.921872
0.936505
0.966345
0.997775
0.871249
0.966836
0.988952
0.990880
0.983787
0.949521
0.925953
0.959072
0.915270
0.993709
0.981378
0.852959
0.990041
0.946786
0.971018
0.991308
0.967754
0.968904
0.977792
0.881694
0.996312
0.960284
0.856616
0.909577
0.866768
0.841088
0.918154
0.805138
0.900250
0.950604
0.904289
0.939774
0.959449
0.897916
0.997133
0.955347
0.974426
0.881085
0.965942
0.891127
0.984992
0.863694
0.966394
0.986334
0.985334
0.886730
0.926717
0.978695
0.988007
0.934073
0.969983
0.939524
0.911472
0.962132
0.905660
0.996425
0.982945
0.770607
0.996714
0.923120
0.966900
0.959734
0.957957
0.996122
0.975302
0.910614
0.893418
0.991880
0.910719
0.975197
0.875170
0.803026
0.966816
0.986984
0.866742
0.920040
0.993422
0.981771
0.888419
0.898850
0.979989
0.947878
0.828993
0.891356
0.930338
0.949778
0.964769
0.939328
0.895922
0.979221
0.889245
0.967357
0.997500
0.988359
0.982859
0.991011
0.997140
0.992836
0.972795
0.958589
0.999683
0.874951
0.993354
0.989541
0.988413
0.992324
0.969408
0.901959
0.983284
0.981691
0.986972
0.900271
0.983083
0.972508
0.961596
0.947759
0.989293
0.998309
0.988354
0.969556
0.932246
0.993847
0.940962
0.997027
0.992112
0.999908
0.998609
0.972316
0.988221
0.930345
0.954583
0.989569
0.997916
0.936528
0.981259
0.984206
0.885312
0.983705
0.971022
0.996481
0.993973
0.979785
0.948314
0.941138
0.977889
0.830605
0.873372
0.932175
0.951009
0.974280
0.955875
0.936671
0.909449
0.976977
0.817321
0.998417
0.977439
0.960621
0.860688
0.940793
0.941078
0.764446
0.852193
0.853832
0.870629
0.882572
0.585125
0.988590
0.819442
0.917123
0.841715
0.880389
0.924566
0.933967
0.911506
0.950427
0.902652
0.877225
0.840051
0.867277
0.839722
0.816105
0.877647
0.995471
0.987408
0.901867
0.857877
0.942568
0.983886
0.900181
0.928889
0.054187
0.027963
0.101466
0.031245
0.040233
0.033286
0.003314
0.108230
0.121264
0.011284
0.012341
0.150158
0.016653
0.016025
0.066620
0.142080
0.064724
0.080933
0.099063
0.135732
0.016880
0.020203
0.012494
0.005876
0.009563
0.151607
0.229013
0.000697
0.006492
0.091259
0.010731
0.000410
0.008225
0.060041
0.065163
0.152713
0.054940
0.029751
0.028693
0.155046
0.072662
0.114564
0.076152
0.079253
0.057664
0.003732
0.150859
0.129716
0.051238
0.040571
0.994877
0.960384
0.975300
0.980227
0.155906
0.137543
0.086592
0.882974
0.072089
0.129061
0.072777
0.075594
0.128415
0.099252
0.896126
0.926467
0.848125
0.853640
0.833188
0.799638
0.989777
0.877659
0.857342
0.928859
0.966963
0.899472
0.969621
0.934341
0.990498
0.980309
0.853551
0.838757
0.983997
0.832875
0.885201
0.945902
0.920028
0.919098
0.951379
0.946370
0.891352
0.861780
0.884222
0.959838
0.953757
0.981546
0.905151
0.984973
0.925668
0.949646
0.910848
0.885762
0.871603
0.795087
0.065117
0.020042
0.160050
0.067282
0.076232
0.049824
0.021134
0.119974
0.093012
0.034876
0.037442
0.103009
0.095276
0.062559
0.102068
0.110320
0.033998
0.110861
0.023826
0.138206
0.113259
0.095010
0.077412
0.079173
0.120127
0.064076
0.077890
0.060550
0.056103
0.036743
0.047204
0.078193
0.214486
0.047373
0.014055
0.015076
0.049672
0.026705
0.094676
0.063909
0.017961
0.029885
0.057574
0.069958
0.144543
0.115384
0.100876
0.135003
0.015073
0.022892
0.070143
0.073851
0.074929
0.889071
0.972260
0.993992
0.939608
0.949595
0.941526
0.967280
0.977914
0.890739
0.826219
0.988995
0.939168
0.973008
0.963746
0.949847
0.973248
0.910035
0.873223
0.859110
0.889780
0.997393
0.873109
0.859618
0.850094
0.933670
0.846817
0.910969
0.918440
0.878698
0.977678
0.938939
0.814848
0.906477
0.914736
0.943685
0.936527
0.707902
0.960959
0.955468
0.995575
0.993124
0.953708
0.917537
0.873297
0.972240
0.845036
0.970806
0.894386
0.946168
0.947191
0.997406
0.995601
0.977767
0.962658
0.909092
0.991986
0.968304
0.973927
0.956754
0.966994
0.987456
0.994597
0.903833
0.960644
0.974983
0.921362
0.949389
0.922360
0.959006
0.931591
0.929779
0.980674
0.903776
0.980913
0.974642
0.976660
0.996389
0.932207
0.962174
0.987724
0.958580
0.966441
0.968918
0.991125
0.985419
0.994432
0.983884
0.916247
0.948106
0.991645
0.995557
0.989181
0.949384
0.959608
0.994376
0.979789
0.970094
0.989286
0.950611
0.982090
0.806301
0.992061
0.799950
0.913375
0.971847
0.736745
0.927622
0.954779
0.862709
0.940480
0.859919
0.081565
0.100097
0.051556
0.129530
0.028778
0.019927
0.073267
0.048967
0.025522
0.180014
0.121523
0.140805
0.105003
0.065419
0.038230
0.097663
0.117937
0.073620
0.103003
0.103323
0.075055
0.062887
0.019088
0.226034
0.090554
0.123000
0.146961
0.117014
0.140207
0.112609
0.063886
0.132872
0.075274
0.105609
0.119250
0.048547
0.125896
0.067679
0.143073
0.039499
0.093793
0.012373
0.096643
0.078459
0.046115
0.054515
0.148320
0.003590
0.044199
0.021644
0.968696
0.934108
0.834772
0.645143
0.814820
0.991860
0.902871
0.951358
0.898903
0.900239
0.885313
0.903454
0.813227
0.774350
0.976165
0.913478
0.833771
0.089475
0.169439
0.004670
0.114195
0.176675
0.051525
0.041283
0.086915
0.164559
0.083668
0.000842
0.034312
0.057718
0.025894
0.020259
0.180620
0.165214
0.068741
0.161494
0.065735
0.103621
0.136878
0.174308
0.073035
0.116512
0.127144
0.055735
0.173298
0.035409
0.027315
0.120524
0.023156
0.041180
0.834573
0.886862
0.910136
0.979860
0.963821
0.997079
0.939393
0.791097
0.940462
0.998576
0.918473
0.968378
0.903869
0.967904
0.971620
0.977152
0.925856
0.961686
0.883737
0.946390
0.816223
0.996988
0.938069
0.925860
0.930137
0.964321
0.981770
0.928291
0.951516
0.942459
0.924202
0.909799
0.964810
0.980974
0.886352
0.978202
0.934764
0.886677
0.935084
0.975230
0.980477
0.882520
0.929243
0.899310
0.936495
0.918814
0.995477
0.929471
0.932070
0.980488
0.879497
0.883638
0.966006
0.969112
0.860396
0.864861
0.986576
0.960908
0.976294
0.982355
0.874850
0.917942
0.964934
0.940958
0.973089
0.952954
0.988566
0.917619
0.922596
0.913579
0.943511
0.967855
0.866092
0.985860
0.981478
0.948216
0.965590
0.973352
0.974526
0.944498
0.899125
0.852848
0.891258
0.900035
0.923662
0.867067
0.902617
0.963052
0.887306
0.902742
0.908946
0.884848
0.837127
0.920216
0.965515
0.927311
0.929220
0.981251
0.908728
0.975028
0.902742
0.902845
0.971449
0.940927
0.952738
0.942021
0.936167
0.954707
0.890131
0.956143
0.817755
0.927151
0.942015
0.791848
0.984970
0.897695
0.980830
0.976827
0.906106
0.843653
0.795239
0.875424
0.943602
0.922954
0.874651
0.801158
0.987307
0.801119
0.861316
0.841862
0.969407
0.001946
0.015639
0.001160
0.001365
0.003052
0.000385
0.007116
0.007104
0.003544
0.005916
0.006535
0.048263
0.108809
0.012131
0.011378
0.032980
0.011230
0.011290
0.002082
0.008526
0.038623
0.011242
0.001839
0.029309
0.066340
0.006985
0.001083
0.017239
0.004622
0.001695
0.001931
0.087293
0.000756
0.009239
0.032771
0.033414
0.017382
0.004473
0.060178
0.003990
0.008526
0.025349
0.134236
0.015333
0.203034
0.008501
0.012931
0.150356
0.003770
0.019514
0.842439
0.973407
0.959583
0.886278
0.942499
0.831697
0.912484
0.919394
0.968055
0.806158
0.919649
0.930852
0.876710
0.842670
0.150671
0.025004
0.064450
0.051654
0.078158
0.050525
0.145023
0.005784
0.042394
0.137527
0.033699
0.028796
0.027160
0.188291
0.059059
0.041506
0.108739
0.028083
0.003563
0.170052
0.003285
0.208744
0.004022
0.016216
0.109244
0.127528
0.144796
0.061606
0.202636
0.023433
0.189598
0.099193
0.073472
0.196506
0.089778
0.039504
0.058750
0.021586
0.084788
0.091529
0.077417
0.011562
0.084737
0.092544
0.066478
0.074653
0.281133
0.005054
0.098852
0.007963
0.058295
0.028343
0.103098
0.040650
0.070747
0.162816
0.150455
0.201308
0.086069
0.053183
0.018357
0.110236
0.100912
0.153555
0.123867
0.149359
0.193004
0.152667
0.206059
0.071033
0.021329
0.074616
0.084077
0.119141
0.079457
0.170704
0.094123
0.014029
0.155296
0.042535
0.044467
0.170758
0.058578
0.118439
0.009579
0.038936
0.998097
0.999549
0.953977
0.983686
0.999393
0.996101
0.975062
0.985216
0.996374
0.994216
0.997254
0.997436
0.947641
0.945251
0.998997
0.928845
0.991039
0.986979
0.994323
0.998294
0.992232
0.961975
0.960406
0.975271
0.997351
0.998941
0.992660
0.953325
0.887545
0.962455
0.992059
0.923353
0.983714
0.995313
0.989659
0.983027
0.987088
0.973462
0.990786
0.952776
0.964746
0.990885
0.975537
0.985743
0.940960
0.955741
0.985113
0.957222
0.986477
0.888087
0.929992
0.129689
0.033252
0.111808
0.089030
0.025559
0.147815
0.130866
0.193663
0.115133
0.045973
0.077789
0.035765
0.115971
0.056359
0.140894
0.252990
0.040903
0.143121
0.025012
0.072572
0.105099
0.146644
0.129568
0.121464
0.136432
0.025027
0.127853
0.066189
0.075276
0.148096
0.053708
0.006718
0.109249
0.081973
0.088282
0.129805
0.154757
0.159283
0.154958
0.165689
0.057752
0.137829
0.073018
0.177729
0.144454
0.106094
0.048694
0.030194
0.096636
0.073907
0.903311
0.935815
0.899627
0.894054
0.937473
0.953194
0.924828
0.891073
0.902688
0.869630
0.916919
0.945474
0.942050
0.960152
0.940129
0.996524
0.760582
0.874257
0.883685
0.844843
0.633446
0.792289
0.983227
0.980253
0.895227
0.742073
0.922900
0.848966
0.871387
0.875416
0.876984
0.866383
0.855325
0.741100
0.963649
0.949351
0.770629
0.900491
0.949169
0.896779
0.966181
0.959089
0.953701
0.936041
0.967888
0.920503
0.940107
0.897803
0.946014
0.907566
0.000891
0.053535
0.000274
0.018590
0.083447
0.004162
0.021432
0.162108
0.090639
0.017114
0.050722
0.061563
0.089627
0.001931
0.006421
0.025561
0.000879
0.088315
0.179053
0.207888
0.073175
0.000685
0.161177
0.083248
0.001789
0.007255
0.007057
0.067040
0.216183
0.061304
0.003366
0.150527
0.000220
0.040896
0.128466
0.012351
0.094632
0.136372
0.025904
0.048170
0.005531
0.005916
0.040838
0.002192
0.000507
0.002128
0.050833
0.028774
0.099126
0.018771
0.893288
0.924272
0.771715
0.975111
0.894509
0.925985
0.988155
0.948438
0.898253
0.955171
0.899163
0.918684
0.894970
0.775000
0.972749
0.764638
0.906843
0.911022
0.938906
0.852658
0.853697
0.784255
0.941370
0.888478
0.817551
0.894524
0.049395
0.000992
0.004448
0.002391
0.025192
0.019075
0.045059
0.058882
0.049945
0.047265
0.010608
0.067883
0.013002
0.075813
0.009406
0.083550
0.017036
0.041325
0.018576
0.110812
0.157309
0.013577
0.006221
0.002399
0.169954
0.002561
0.034447
0.023670
0.042809
0.045327
0.010682
0.084158
0.091092
0.126747
0.021736
0.026501
0.024035
0.132718
0.181398
0.002343
0.007835
0.004563
0.026840
0.019957
0.044226
0.033385
0.038302
0.969204
0.994678
0.996105
0.871693
0.973986
0.984759
0.881374
0.879426
0.790552
0.847553
0.897789
0.667286
0.995770
0.896711
0.899724
0.797744
0.845987
0.852867
0.941654
0.994486
0.952459
0.936480
0.840567
0.907610
0.028757
0.010218
0.029314
0.087170
0.000610
0.011973
0.100288
0.050112
0.103446
0.016189
0.101420
0.071189
0.101759
0.002624
0.145892
0.024018
0.006391
0.014209
0.068609
0.201357
0.038809
0.049254
0.005384
0.011837
0.020645
0.004555
0.105100
0.088395
0.152740
0.198104
0.013518
0.098893
0.111777
0.068264
0.069415
0.045230
0.006033
0.074388
0.030430
0.033936
0.048527
0.120847
0.034666
0.013708
0.015906
0.066561
0.010659
0.135351
0.118566
0.072944
0.848463
0.971592
0.971468
0.847997
0.830489
0.891697
0.898943
0.902469
0.914447
0.741719
0.943753
0.987715
0.950838
0.775267
0.917318
0.806298
0.872607
0.945375
0.878539
0.876738
0.851726
0.902737
0.762687
0.821392
0.855033
0.963022
0.954650
0.950371
0.909188
0.965582
0.804962
0.902790
0.860117
0.778046
0.871512
0.912105
0.841939
0.955509
0.983261
0.977462
0.971462
0.909456
0.993099
0.926428
0.929439
0.894260
0.927346
0.804281
0.908121
0.978539
0.959086
0.991092
0.935407
0.980514
0.849354
0.850896
0.990904
0.977134
0.919838
0.842697
0.979502
0.979658
0.960245
0.998062
0.904414
0.981130
0.987952
0.983989
0.992742
0.976964
0.959599
0.998815
0.988369
0.841304
0.991751
0.981021
0.933749
0.932799
0.993031
0.978261
0.935319
0.953968
0.893213
0.979564
0.995459
0.969649
0.986902
0.943731
0.930067
0.967245
0.930748
0.974145
0.997596
0.862898
0.938679
0.997587
0.933901
0.966990
0.845626
0.989091
0.989428
0.914725
0.990953
0.981192
0.984917
0.933777
0.996663
0.982394
0.889816
0.974720
0.980449
0.981831
0.986911
0.934874
0.937094
0.939017
0.910285
0.972815
0.962029
0.930147
0.800266
0.935320
0.954074
0.926555
0.910906
0.971211
0.940864
0.931665
0.876331
0.938129
0.991538
0.989815
0.991672
0.828527
0.974171
0.866522
0.960588
0.855110
0.990066
0.923697
0.925692
0.981677
0.925030
0.979676
0.973779
0.990478
0.982765
0.948599
0.944224
0.906818
0.945407
0.984746
0.940981
0.963430
0.989886
0.967039
0.938778
0.990167
0.900424
0.968939
0.950300
0.946083
0.987523
0.950946
0.961045
0.997041
0.994527
0.989929
0.894171
0.898292
0.991467
0.994625
0.788175
0.784545
0.982589
0.948191
0.999682
0.912180
0.946018
0.902691
0.999016
0.959286
0.954004
0.928426
0.990718
0.970384
0.945438
0.969379
0.973690
0.972225
0.937616
0.969204
0.973009
0.924034
0.908776
0.932775
0.936771
0.941235
0.940531
0.987804
0.980848
0.975311
0.864254
0.955500
0.850100
0.919062
0.936217
0.927096
0.842578
0.971959
0.829417
0.857046
0.940343
0.937347
0.878938
0.905832
0.935573
0.944684
0.885787
0.858972
0.975983
0.947634
0.955810
0.906087
0.884208
0.965838
0.920036
0.972984
0.953568
0.932330
0.878258
0.921391
0.873812
0.965078
0.919814
0.987101
0.885837
0.085343
0.021005
0.000774
0.105090
0.062936
0.000527
0.044496
0.050988
0.067961
0.107640
0.004457
0.001052
0.008679
0.013934
0.014247
0.026109
0.033815
0.039587
0.006725
0.255962
0.086246
0.000511
0.037734
0.039210
0.112050
0.003093
0.005657
0.003031
0.087565
0.026693
0.011345
0.016273
0.009318
0.007515
0.030386
0.001851
0.090757
0.062825
0.152759
0.124985
0.000971
0.046487
0.087105
0.004775
0.002477
0.000427
0.029742
0.009979
0.057701
0.028502
0.812038
0.804157
0.979084
0.837554
0.836178
0.941865
0.831406
0.921185
0.948285
0.860890
0.689900
0.934080
0.916385
0.972978
0.965748
0.806997
0.772501
0.871923
0.950591
0.917250
0.891210
0.919325
0.141834
0.227950
0.093518
0.175305
0.127329
0.210779
0.090957
0.092318
0.034726
0.137412
0.930097
0.957889
0.912696
0.924881
0.921299
0.086551
0.105732
0.202043
0.232307
0.091575
0.122139
0.139789
0.057162
0.161512
0.129034
0.197572
0.114438
0.059744
0.114074
0.071410
0.163053
0.061962
0.104157
0.097151
0.145269
0.057727
0.144531
0.082958
0.143778
0.069135
0.065850
0.137365
0.145339
0.071378
0.103245
0.113757
0.020075
0.083494
0.975754
0.698848
0.933424
0.975581
0.949599
0.925583
0.955999
0.952818
0.914952
0.992385
0.917111
0.859500
0.776982
0.878273
0.890057
0.949177
0.916775
0.907343
0.880332
0.885242
0.894433
0.916153
0.950986
0.869250
0.858476
0.964463
0.947898
0.899674
0.938929
0.949935
0.950286
0.973934
0.917672
0.902689
0.932647
0.828656
0.934869
0.978167
0.958240
0.970876
0.895205
0.971426
0.976849
0.957672
0.992673
0.994414
0.983072
0.993804
0.976013
0.976576
0.957419
0.881909
0.933742
0.963694
0.959145
0.852343
0.891316
0.959839
0.915598
0.929098
0.926465
0.965555
0.954330
0.983245
0.976596
0.947210
0.993617
0.969758
0.889605
0.951534
0.985952
0.983695
0.966346
0.981002
0.986503
0.994625
0.954660
0.899846
0.986027
0.987300
0.978827
0.988516
0.993338
0.988843
0.978881
0.990191
0.991879
0.956349
0.947680
0.836930
0.973534
0.989359
0.793918
0.850055
0.906428
0.959713
0.927034
0.842466
0.704253
0.943185
0.955399
0.883179
0.968511
0.953039
0.886767
0.855939
0.978381
0.780671
0.118850
0.120999
0.029247
0.013324
0.137947
0.099049
0.095039
0.913261
0.925415
0.971939
0.861163
0.979190
0.873408
0.949556
0.933008
0.916988
0.957948
0.719787
0.911441
0.022629
0.212680
0.109130
0.063907
0.061084
0.062488
0.012753
0.083958
0.122733
0.023418
0.208870
0.952803
0.882420
0.894505
0.887304
0.916206
0.951290
0.990074
0.891769
0.986128
0.976751
0.874699
0.936994
0.879646
0.835009
0.963545
0.983942
0.938388
0.878620
0.960476
0.972280
0.928086
0.985998
0.893081
0.927301
0.912423
0.986715
0.973642
0.927478
0.942790
0.932337
0.941571
0.943856
0.830567
0.924580
0.876066
0.863853
0.937261
0.976295
0.888301
0.970694
0.978534
0.974427
0.852187
0.839466
0.962651
0.899898
0.943858
0.934845
0.878437
0.658435
0.972651
0.891352
0.904331
0.013087
0.125360
0.000286
0.014705
0.220561
0.045911
0.093720
0.106058
0.018308
0.132804
0.011579
0.038889
0.019429
0.054346
0.022998
0.117495
0.025205
0.068505
0.201992
0.091791
0.023026
0.002061
0.062425
0.005835
0.091696
0.118209
0.020094
0.039385
0.057019
0.001198
0.010954
0.009432
0.042177
0.169087
0.005321
0.058305
0.125467
0.008388
0.105168
0.021599
0.061365
0.148801
0.009042
0.060712
0.055663
0.065692
0.168267
0.119000
0.092248
0.038202
0.949344
0.989161
0.974762
0.858255
0.939477
0.879406
0.913279
0.866052
0.888316
0.823862
0.942977
0.891732
0.956480
0.972131
0.991016
0.980701
0.993268
0.957256
0.965485
0.856063
0.981482
0.966593
0.943562
0.917104
0.974793
0.990705
0.942583
0.979249
0.971055
0.940933
0.955443
0.934403
0.946568
0.962450
0.963607
0.981139
0.989152
0.844913
0.965172
0.908818
0.946073
0.926258
0.984395
0.932273
0.906903
0.979980
0.963395
0.989463
0.915158
0.986346
0.921572
0.984274
0.998886
0.940172
0.960028
0.993569
0.871361
0.879353
0.744375
0.813515
0.863702
0.981896
0.863311
0.963422
0.944974
0.948788
0.981127
0.931106
0.670299
0.897630
0.848041
0.909226
0.881472
0.803441
0.268058
0.197682
0.102639
0.075231
0.174034
0.033289
0.172932
0.034592
0.127449
0.079359
0.025174
0.132691
0.141286
0.075914
0.064422
0.115803
0.047040
0.069055
0.968860
0.914678
0.766319
0.830092
0.848888
0.940619
0.852907
0.956622
0.817896
0.974917
0.697516
0.804271
0.893592
0.995249
0.995250
0.986209
0.921571
0.963499
0.994391
0.945977
0.976243
0.989358
0.981038
0.981355
0.987606
0.998293
0.950159
0.987994
0.995710
0.948523
0.984501
0.997398
0.969234
0.996933
0.998326
0.956280
0.995952
0.968951
0.975075
0.998687
0.992418
0.963990
0.991148
0.991693
0.931724
0.995140
0.965229
0.939439
0.944163
0.953776
0.931466
0.974692
0.929705
0.968783
0.910926
0.964007
0.909103
0.959857
0.960720
0.952540
0.921838
0.984012
0.981816
0.956080
0.963179
0.909209
0.903110
0.964634
0.946768
0.983611
0.976073
0.993095
0.977591
0.867312
0.988808
0.989874
0.929473
0.817655
0.041816
0.101872
0.099364
0.143320
0.018121
0.117263
0.025112
0.112912
0.142373
0.057460
0.000888
0.001683
0.205901
0.233237
0.103962
0.043127
0.164053
0.014079
0.181618
0.127185
0.074038
0.024604
0.043147
0.014414
0.169592
0.054075
0.061744
0.138752
0.011864
0.139588
0.144627
0.187052
0.009775
0.004384
0.072223
0.232057
0.003032
0.026150
0.999104
0.997758
0.991967
0.995491
0.999002
0.998146
0.994569
0.973189
0.972941
0.993740
0.850343
0.973308
0.166801
0.104229
0.097762
0.045392
0.157026
0.016556
0.014793
0.043345
0.077825
0.010489
0.096160
0.067220
0.117291
0.012770
0.083545
0.052132
0.152374
0.068833
0.008408
0.010488
0.100631
0.092904
0.037067
0.165658
0.085521
0.106946
0.009971
0.066984
0.055460
0.015930
0.088206
0.053393
0.010404
0.031940
0.075557
0.068879
0.124035
0.029653
0.009559
0.023732
0.164733
0.109539
0.077749
0.073698
0.058455
0.086384
0.050212
0.087123
0.083472
0.203548
0.082898
0.142601
0.039343
0.061338
0.151303
0.143940
0.021915
0.101707
0.259319
0.211931
0.170662
0.190989
0.165146
0.117460
0.064609
0.151744
0.144800
0.092577
0.008636
0.156947
0.052964
0.192699
0.140301
0.243878
0.052565
0.120434
0.113956
0.075895
0.102152
0.170460
0.129103
0.167885
0.211182
0.092759
0.236038
0.172552
0.129303
0.163984
0.102239
0.006314
0.171465
0.187475
0.155131
0.075311
0.021516
0.104904
0.028686
0.008112
0.176982
0.036574
0.213396
0.016117
0.054556
0.010139
0.177589
0.026830
0.226067
0.087662
0.079255
0.147067
0.137166
0.043492
0.008345
0.087841
0.139243
0.158702
0.219575
0.030195
0.085387
0.022269
0.036981
0.086594
0.026029
0.128497
0.086349
0.126750
0.006000
0.008966
0.097528
0.044122
0.016427
0.201500
0.162386
0.160370
0.246687
0.016713
0.056380
0.154333
0.159035
0.051570
0.097035
0.120297
0.018586
0.118716
0.139513
0.009852
0.049006
0.065631
0.095338
0.119367
0.122647
0.037352
0.097241
0.148607
0.023896
0.014361
0.091783
0.097092
0.002699
0.020881
0.114467
0.069607
0.031859
0.033157
0.106543
0.062451
0.074545
0.160296
0.024236
0.019996
0.012428
0.097082
0.090362
0.035310
0.049325
0.148670
0.089090
0.062316
0.059348
0.162622
0.131686
0.068941
0.016192
0.112987
0.013337
0.209461
0.047502
0.012561
0.093826
0.078500
0.126461
0.130193
0.153947
0.142831
0.091268
0.146276
0.024382
0.264869
0.088339
0.012791
0.082400
0.069854
0.162915
0.009623
0.172579
0.118026
0.111543
0.018918
0.148061
0.020904
0.072277
0.141946
0.039866
0.103717
0.060179
0.147501
0.149859
0.904914
0.835295
0.936322
0.933530
0.852009
0.906659
0.898428
0.982234
0.997374
0.894364
0.976522
0.947695
0.844043
0.935032
0.908896
0.840583
0.986765
0.914005
0.975185
0.904751
0.914380
0.777293
0.901367
0.841843
0.981695
0.961075
0.941000
0.799763
0.815716
0.860329
0.955661
0.975742
0.900771
0.838838
0.867980
0.945983
0.979046
0.824682
0.913063
0.019631
0.074533
0.144693
0.107700
0.103131
0.081298
0.107412
0.166367
0.110005
0.183091
0.048082
0.942493
0.996632
0.902385
0.935601
0.863459
0.846947
0.985741
0.941947
0.937807
0.996479
0.904430
0.988547
0.983214
0.976589
0.925748
0.965888
0.754933
0.874844
0.962521
0.966652
0.947957
0.991303
0.915663
0.942948
0.971441
0.934694
0.864620
0.973767
0.928386
0.999226
0.939098
0.913531
0.970539
0.988228
0.972867
0.939880
0.858335
0.934748
0.917923
0.871112
0.977268
0.982433
0.912098
0.928204
0.921941
0.992118
0.973338
0.972708
0.864742
0.870845
0.919453
0.853951
0.991375
0.915606
0.851644
0.964356
0.995603
0.923145
0.208215
0.064800
0.097994
0.107399
0.047574
0.172195
0.044628
0.058034
0.083644
0.188690
0.053031
0.085417
0.104270
0.961096
0.929527
0.977539
0.871429
0.921345
0.958588
0.883956
0.883258
0.965842
0.960624
0.988331
0.993838
0.907232
0.958359
0.872296
0.860168
0.942868
0.940812
0.933770
0.897871
0.869334
0.775845
0.908914
0.995047
0.968653
0.972755
0.844017
0.908346
0.927796
0.960453
0.767862
0.912057
0.718873
0.891723
0.775520
0.939341
0.915697
0.904770
0.980102
0.949256
0.971936
0.863024
0.815432
0.921716
0.870287
0.911401
0.950357
0.943766
0.864787
0.916773
0.816698
0.995765
0.955231
0.871781
0.819179
0.851527
0.909350
0.851914
0.885910
0.890536
0.831257
0.874865
0.085594
0.231175
0.171815
0.140072
0.215947
0.123281
0.255780
0.063832
0.243267
0.252819
0.134016
0.116809
0.137126
0.147087
0.098084
0.128590
0.159856
0.083534
0.068383
0.121154
0.161755
0.004211
0.082232
0.063233
0.016872
0.026707
0.025114
0.009714
0.141746
0.091439
0.005800
0.033849
0.121823
0.089175
0.054652
0.103988
0.005417
0.135397
0.089926
0.002892
0.094568
0.046889
0.143825
0.041463
0.164360
0.135688
0.076312
0.124268
0.410363
0.122888
0.061122
0.002015
0.065861
0.010099
0.060436
0.091812
0.221427
0.132413
0.131885
0.022473
0.049685
0.096148
0.155048
0.045701
0.055670
0.069465
0.019192
0.047842
0.086207
0.071587
0.003653
0.098607
0.141432
0.070623
0.226049
0.013779
0.044934
0.128477
0.079607
0.192265
0.024306
0.101158
0.146890
0.033774
0.061134
0.214074
0.068554
0.137040
0.055570
0.933080
0.918739
0.960618
0.948614
0.759091
0.945650
0.889545
0.978077
0.808266
0.863901
0.882634
0.959869
0.904358
0.857973
0.901550
0.764489
0.916973
0.872372
0.946803
0.982253
0.896008
0.886242
0.946761
0.835698
0.869205
0.833374
0.950211
0.894445
0.858566
0.892473
0.891728
0.938686
0.947858
0.984959
0.853865
0.974289
0.985925
0.787103
0.912567
0.140174
0.114857
0.144901
0.001808
0.038230
0.015144
0.045481
0.082102
0.126985
0.035328
0.070901
0.113068
0.099079
0.079314
0.143013
0.082546
0.144317
0.008574
0.151558
0.219551
0.031649
0.057403
0.127476
0.114128
0.009191
0.041377
0.012468
0.084030
0.037091
0.119097
0.211978
0.061544
0.076344
0.109258
0.130062
0.041194
0.077876
0.084026
0.023211
0.095125
0.190067
0.045005
0.038296
0.118016
0.009660
0.170932
0.099014
0.088031
0.165180
0.051839
0.983399
0.986726
0.998798
0.936903
0.973720
0.948742
0.936997
0.993111
0.966039
0.976904
0.963815
0.917306
0.965511
0.975168
0.887119
0.920475
0.994417
0.915121
0.938360
0.983141
0.992040
0.958168
0.992066
0.927888
0.935595
0.996771
0.917937
0.931611
0.977131
0.900728
0.978521
0.973487
0.977766
0.891228
0.922004
0.909159
0.934754
0.863348
0.889772
0.898158
0.933699
0.955625
0.958514
0.809736
0.054082
0.067556
0.077221
0.194164
0.101744
0.912797
0.923245
0.921483
0.754973
0.890846
0.962975
0.957574
0.894898
0.846692
0.882900
0.929511
0.887773
0.963460
0.962467
0.871059
0.885309
0.910599
0.948570
0.939652
0.883033
0.875743
0.741309
0.857040
0.819589
0.190759
0.227549
0.090695
0.123217
0.024967
0.050776
0.054740
0.049055
0.042026
0.062697
0.094422
0.010405
0.111996
0.091885
0.025851
0.052115
0.068844
0.164671
0.089064
0.084676
0.126678
0.071937
0.140058
0.112335
0.127370
0.116263
0.007152
0.100225
0.165939
0.216137
0.035733
0.266022
0.081962
0.144194
0.129569
0.114191
0.047793
0.076886
0.117363
0.180095
0.158246
0.039971
0.127897
0.030879
0.090345
0.208995
0.119357
0.112665
0.024243
0.094026
0.163221
0.058626
0.067814
0.133414
0.266930
0.055488
0.153849
0.064416
0.083792
0.225200
0.081373
0.106553
0.131350
0.155764
0.180775
0.071103
0.013737
0.107517
0.147225
0.089780
0.029533
0.119423
0.087807
0.006081
0.012874
0.070758
0.108127
0.044143
0.050087
0.034802
0.140125
0.001243
0.000142
0.005485
0.099324
0.001757
0.004029
0.181271
0.015033
0.165585
0.136879
0.111861
0.008547
0.100621
0.086049
0.005490
0.003738
0.003054
0.054236
0.010480
0.079974
0.040219
0.082086
0.000101
0.143804
0.150232
0.057530
0.135961
0.144473
0.025012
0.028962
0.001227
0.001228
0.867119
0.985561
0.932036
0.832344
0.895795
0.985390
0.897070
0.860161
0.953755
0.940807
0.860026
0.083614
0.158107
0.157737
0.144078
0.133558
0.070709
0.053270
0.084247
0.150466
0.001201
0.101299
0.006164
0.075482
0.192209
0.093877
0.013851
0.061133
0.140309
0.010387
0.104003
0.005833
0.106341
0.113198
0.044391
0.146821
0.133361
0.117408
0.094436
0.177526
0.027617
0.171822
0.115620
0.210631
0.120345
0.112415
0.219271
0.119453
0.087024
0.167385
0.035363
0.110649
0.032053
0.075828
0.052974
0.049732
0.097332
0.012678
0.081192
0.013656
0.073454
0.039315
0.050401
0.097124
0.096428
0.039403
0.062691
0.093496
0.087155
0.107011
0.034256
0.116976
0.106486
0.149021
0.072921
0.017181
0.002616
0.006831
0.104352
0.033946
0.028813
0.006288
0.042744
0.155878
0.069408
0.049692
0.009652
0.131443
0.155641
0.142102
0.037056
0.101270
0.118543
0.048561
0.136522
0.083334
0.106054
0.032738
0.053818
0.019691
0.964746
0.938427
0.826622
0.845248
0.919076
0.941819
0.978811
0.897508
0.888381
0.899005
0.888634
0.915009
0.888677
0.940581
0.028311
0.041710
0.111124
0.047904
0.092996
0.095543
0.067938
0.181920
0.039482
0.079599
0.084685
0.060496
0.054949
0.078833
0.071562
0.180996
0.126515
0.200573
0.015511
0.128246
0.148245
0.131925
0.225077
0.083200
0.039086
0.070685
0.012288
0.140145
0.168995
0.024525
0.109374
0.139887
0.106443
0.122676
0.129406
0.097372
0.071609
0.165730
0.081214
0.056201
0.124113
0.115263
0.009211
0.828261
0.944159
0.831293
0.946157
0.947245
0.982018
0.840078
0.851291
0.971056
0.944055
0.894704
0.904701
0.891494
0.795065
0.899420
0.890495
0.092976
0.031620
0.090731
0.037500
0.103048
0.104072
0.081228
0.015124
0.036543
0.045887
0.048746
0.073477
0.114275
0.069917
0.054188
0.099303
0.313455
0.137922
0.109754
0.094146
0.155698
0.033639
0.023467
0.124385
0.140218
0.055245
0.022026
0.103799
0.163543
0.207910
0.172778
0.107404
0.121281
0.013035
0.737239
0.018160
0.055147
0.088219
0.143397
0.005787
0.055608
0.040212
0.221131
0.022703
0.075695
0.006920
0.022528
0.010030
0.103507
0.161601
0.011941
0.074849
0.016231
0.063728
0.042934
0.006051
0.011898
0.197446
0.017646
0.101099
0.051940
0.007555
0.093099
0.098745
0.013814
0.003138
0.030385
0.215101
0.169512
0.037220
0.027360
0.088388
0.039697
0.002104
0.022577
0.098245
0.014291
0.093786
0.034386
0.121048
0.180263
0.073855
0.009780
0.137632
0.144585
0.092401
0.059566
0.082575
0.144202
0.052702
0.107206
0.012231
0.104305
0.096449
0.113309
0.121458
0.083062
0.080139
0.139942
0.014918
0.023010
0.056097
0.060563
0.275424
0.912032
0.841156
0.775006
0.730365
0.837417
0.813338
0.883884
0.894068
0.917311
0.706948
0.787794
0.822708
0.857297
0.922418
0.824494
0.824752
0.140090
0.150229
0.122025
0.079687
0.207917
0.056678
0.027979
0.107343
0.118412
0.139253
0.120335
0.028777
0.119249
0.053158
0.211895
0.101655
0.099450
0.088819
0.143269
0.020321
0.038489
0.191822
0.094400
0.049477
0.109677
0.205431
0.160700
0.134506
0.165001
0.049210
0.012207
0.156505
0.012714
0.107995
0.065091
0.228247
0.116821
0.147492
0.003133
0.275574
0.111946
0.213591
0.018871
0.151871
0.180952
0.071734
0.134374
0.118262
0.120608
0.201889
0.091041
0.042450
0.038571
0.015936
0.207006
0.057002
0.013802
0.019347
0.105760
0.042641
0.023821
0.075989
0.023869
0.077550
0.008650
0.047899
0.121776
0.091140
0.029760
0.055767
0.046553
0.123387
0.091250
0.004718
0.033898
0.027126
0.051236
0.004612
0.003124
0.053042
0.018024
0.034353
0.000848
0.009596
0.007469
0.013086
0.027073
0.035602
0.212083
0.061604
0.000471
0.133696
0.017053
0.000967
0.032451
0.024846
0.120015
0.029228
0.004149
0.075110
0.061669
0.109144
0.125302
0.117771
0.093122
0.074550
0.041982
0.133171
0.087182
0.160956
0.016395
0.137391
0.036628
0.185644
0.103019
0.151943
0.025616
0.209312
0.133532
0.138021
0.161200
0.108516
0.104905
0.111211
0.156388
0.119213
0.118276
0.148484
0.097301
0.114862
0.190946
0.185394
0.220568
0.094098
0.106094
0.218346
0.141612
0.156173
0.096817
0.101692
0.047383
0.112154
0.134777
0.053372
0.087300
0.194146
0.201180
0.152102
0.085730
0.141332
0.677935
0.888326
0.947386
0.885350
0.940379
0.969358
0.877360
0.926672
0.808256
0.794663
0.758594
0.952912
0.003689
0.002423
0.000152
0.175960
0.017025
0.035614
0.002684
0.066505
0.015241
0.001385
0.087191
0.035833
0.037738
0.039246
0.093385
0.006878
0.016004
0.050205
0.108249
0.009490
0.023878
0.031631
0.046915
0.014176
0.035883
0.132496
0.010100
0.003836
0.048812
0.018273
0.032280
0.988715
0.988236
0.880802
0.900437
0.880314
0.843566
0.860085
0.945170
0.973237
0.944852
0.930449
0.763403
0.948344
0.827738
0.932661
0.750765
0.991159
0.819602
0.928643
0.953539
0.800354
0.934302
0.874456
0.976722
0.927995
0.965316
0.939108
0.916102
0.700817
0.894048
0.874244
0.935050
0.858637
0.992897
0.890557
0.960177
0.995140
0.846937
0.951965
0.097663
0.005582
0.126229
0.167185
0.071396
0.018756
0.030508
0.053756
0.036178
0.162556
0.939342
0.806282
0.899387
0.939233
0.975335
0.915085
0.825239
0.929995
0.876323
0.943863
0.994896
0.885062
0.868096
0.049557
0.152371
0.243192
0.199169
0.157393
0.094212
0.118364
0.042309
0.947524
0.975322
0.938213
0.970382
0.950396
0.925571
0.829222
0.992791
0.941104
0.962443
0.962562
0.906316
0.975838
0.899265
0.964713
0.974979
0.976701
0.940211
0.962387
0.969082
0.936800
0.910053
0.894876
0.874286
0.911806
0.996742
0.924589
0.877676
0.957261
0.974326
0.903548
0.926969
0.910036
0.932398
0.959611
0.913982
0.960961
0.949390
0.987665
0.892777
0.877984
0.981967
0.852379
0.967883
0.849754
0.973454
0.937838
0.896223
0.986961
0.940431
0.928562
0.805874
0.989236
0.992154
0.940146
0.934080
0.966434
0.979981
0.987927
0.945313
0.936484
0.938667
0.945629
0.988089
0.952367
0.928819
0.872037
0.990174
0.947198
0.986724
0.970400
0.982136
0.993079
0.948935
0.977697
0.863292
0.982845
0.980126
0.886609
0.982620
0.866793
0.980910
0.920247
0.975014
0.995232
0.976795
0.972605
0.967024
0.857830
0.982387
0.983236
0.934070
0.952367
0.991541
0.950845
0.959138
0.985870
0.909033
0.982515
0.870445
0.984720
0.971167
0.992116
0.940541
0.955636
0.964185
0.947983
0.016721
0.153344
0.139952
0.148020
0.122804
0.171655
0.157104
0.022648
0.063581
0.116144
0.145916
0.136681
0.038886
0.253061
0.054165
0.095338
0.027513
0.029257
0.088462
0.006005
0.149769
0.055769
0.042220
0.097957
0.120678
0.022645
0.100873
0.143135
0.043627
0.075179
0.165579
0.027076
0.170301
0.031538
0.041989
0.161407
0.029614
0.043894
0.095003
0.078291
0.099123
0.060199
0.048297
0.005983
0.108508
0.067844
0.110825
0.160208
0.123495
0.028536
0.973858
0.918735
0.942712
0.984869
0.878455
0.921763
0.991330
0.925676
0.934314
0.890815
0.945663
0.913476
0.975142
0.975365
0.968753
0.950970
0.904386
0.894697
0.932233
0.914597
0.962228
0.925146
0.978127
0.996448
0.912519
0.922316
0.969748
0.971417
0.991998
0.928452
0.928075
0.863426
0.961346
0.937409
0.853724
0.966923
0.912050
0.980213
0.986256
0.933010
0.927102
0.942628
0.984873
0.914610
0.900817
0.978563
0.891307
0.885173
0.982863
0.943235
0.872355
0.940290
0.883404
0.955065
0.779782
0.879309
0.865078
0.940328
0.944356
0.995070
0.961930
0.945267
0.941604
0.952360
0.933925
0.948219
0.936851
0.874158
0.983468
0.961676
0.905559
0.927905
0.883197
0.929187
0.931400
0.951277
0.909354
0.959939
0.963576
0.984144
0.073271
0.152369
0.166232
0.073422
0.105469
0.032077
0.068678
0.150013
0.189705
0.137678
0.080439
0.083775
0.165137
0.055510
0.097491
0.137245
0.067314
0.068802
0.084213
0.076346
0.133335
0.189742
0.096082
0.150380
0.128645
0.134858
0.132908
0.039695
0.083472
0.126564
0.200222
0.131550
0.086053
0.113508
0.134400
0.011457
0.144837
0.210754
0.007922
0.053596
0.085481
0.025470
0.064087
0.045014
0.139861
0.025577
0.061496
0.020588
0.093081
0.130156
0.097948
0.127380
0.060081
0.332553
0.041292
0.269866
0.115301
0.170143
0.214821
0.070155
0.092981
0.172142
0.139302
0.100462
0.102762
0.102468
0.193447
0.023748
0.043186
0.896459
0.943427
0.956539
0.957280
0.873754
0.894032
0.962522
0.878395
0.915949
0.889799
0.994377
0.991817
0.960550
0.965219
0.907301
0.993942
0.955757
0.870777
0.861429
0.983006
0.894431
0.857871
0.982835
0.946592
0.123142
0.161909
0.096147
0.001587
0.058046
0.278393
0.079786
0.070524
0.014647
0.138274
0.142520
0.007329
0.080235
0.044094
0.041852
0.089268
0.063589
0.114258
0.180512
0.123759
0.084395
0.039190
0.178075
0.022439
0.054079
0.076275
0.055996
0.030764
0.017604
0.038808
0.159908
0.066796
0.000582
0.099146
0.019495
0.043960
0.111758
0.122330
0.092956
0.004893
0.122200
0.003174
0.103689
0.072776
0.088037
0.245839
0.022329
0.018275
0.005713
0.041441
0.958470
0.992683
0.940132
0.997650
0.953683
0.954464
0.993069
0.959376
0.999312
0.966158
0.940082
0.991515
0.974303
0.986857
0.965984
0.995059
0.996098
0.964010
0.991027
0.947784
0.938037
0.937991
0.962964
0.966208
0.998514
0.936688
0.934189
0.989300
0.968509
0.990854
0.983172
0.938323
0.988081
0.969002
0.962407
0.974816
0.950725
0.977010
0.914063
0.994414
0.995485
0.801454
0.982038
0.954493
0.998493
0.968542
0.996269
0.991692
0.957432
0.936822
0.831131
0.961579
0.975028
0.990427
0.768420
0.825997
0.972284
0.949058
0.965540
0.975224
0.938530
0.910861
0.891491
0.908835
0.994163
0.915438
0.815124
0.827705
0.974313
0.884011
0.988213
0.753045
0.940599
0.817272
0.935683
0.992376
0.925512
0.845369
0.924035
0.894996
0.998120
0.903980
0.841835
0.924601
0.968816
0.897341
0.944374
0.948003
0.994641
0.976385
0.912680
0.971155
0.955626
0.811993
0.926978
0.986080
0.951862
0.923831
0.869019
0.938865
0.953225
0.985346
0.966043
0.992884
0.920573
0.991792
0.996988
0.989422
0.864071
0.977488
0.981641
0.988228
0.975205
0.990743
0.957360
0.938600
0.991337
0.956386
0.981924
0.968600
0.979263
0.976759
0.978265
0.992212
0.908522
0.908986
0.931458
0.990717
0.943944
0.970780
0.934631
0.968846
0.908438
0.993954
0.965094
0.981239
0.985001
0.990159
0.996405
0.991083
0.961545
0.971609
0.935543
0.975317
0.988213
0.881779
0.963822
0.989070
0.975059
0.975265
0.961350
0.931478
0.973192
0.935595
0.969246
0.891089
0.928803
0.980888
0.942043
0.987596
0.943910
0.965178
0.949730
0.970440
0.996240
0.990502
0.954475
0.965664
0.994067
0.970771
0.960279
0.982011
0.912750
0.955625
0.980620
0.954153
0.901054
0.947255
0.995044
0.953278
0.911119
0.961159
0.956036
0.973990
0.973004
0.988210
0.887043
0.963491
0.951080
0.886206
0.922134
0.990974
0.923051
0.958540
0.912820
0.931405
0.973320
0.937724
0.983315
0.978505
0.991057
0.995009
0.985097
0.931532
0.992424
0.971672
0.910514
0.932130
0.987737
0.996036
0.974369
0.985583
0.917466
0.953410
0.985468
0.994600
0.988264
0.974034
0.991229
0.961782
0.964004
0.971913
0.989147
0.929428
0.987933
0.988549
0.949440
0.959961
0.993044
0.978076
0.968749
0.958128
0.928517
0.962264
0.900676
0.985061
0.960043
0.983198
0.902988
0.950533
0.979944
0.968023
0.982800
0.956029
0.996218
0.991508
0.983856
0.974675
0.099064
0.122579
0.111911
0.020354
0.049682
0.011945
0.106671
0.206250
0.052496
0.103472
0.002163
0.080704
0.084130
0.011509
0.146213
0.123727
0.191382
0.046175
0.077179
0.041830
0.038725
0.121011
0.173117
0.063663
0.078968
0.015836
0.074753
0.150694
0.070980
0.022494
0.184324
0.180765
0.117404
0.017590
0.084834
0.116588
0.120425
0.086254
0.014013
0.208640
0.887608
0.897943
0.804275
0.980192
0.910974
0.903125
0.787829
0.846630
0.962913
0.879218
0.095100
0.172104
0.192454
0.062255
0.215827
0.106607
0.011006
0.114098
0.101587
0.116442
0.154747
0.049361
0.171920
0.014572
0.043325
0.031936
0.033155
0.044005
0.119068
0.043911
0.006105
0.111803
0.133879
0.094880
0.027485
0.061737
0.046804
0.071749
0.278726
0.109013
0.046309
0.089211
0.111609
0.106945
0.171714
0.051444
0.018679
0.021681
0.043537
0.018125
0.835116
0.801780
0.900221
0.928022
0.922288
0.966562
0.893134
0.922149
0.984526
0.885623
0.983310
0.994678
0.940606
0.988011
0.997972
0.915234
0.971612
0.995883
0.974716
0.997877
0.933286
0.975088
0.997542
0.924357
0.983974
0.979748
0.981368
0.910809
0.871718
0.910800
0.938767
0.971979
0.965500
0.992932
0.921535
0.949795
0.991153
0.943309
0.979943
0.986710
0.869080
0.890413
0.952626
0.975428
0.987409
0.785984
0.921186
0.986161
0.907751
0.979988
0.909303
0.924913
0.993280
0.881724
0.851145
0.965120
0.833531
0.895595
0.964806
0.960195
0.865382
0.928698
0.880387
0.932914
0.961905
0.983741
0.937543
0.980927
0.974299
0.977271
0.953022
0.843345
0.960176
0.869516
0.944397
0.911828
0.936720
0.037874
0.051762
0.041793
0.034341
0.168707
0.161348
0.081052
0.200510
0.136076
0.037940
0.064894
0.012575
0.121661
0.073788
0.094276
0.069108
0.024487
0.062255
0.060420
0.083226
0.056689
0.138439
0.025875
0.015825
0.149843
0.011866
0.091263
0.112318
0.156047
0.020944
0.162813
0.113147
0.098024
0.064246
0.057697
0.073470
0.999911
0.998767
0.971475
0.998199
0.977652
0.989340
0.991768
0.998399
0.998627
0.991832
0.999487
0.998951
0.990593
0.998621
0.900837
0.999385
0.999104
0.973574
0.988985
0.998249
0.989611
0.994458
0.999503
0.996862
0.998946
0.998810
0.995379
0.998842
0.998577
0.994381
0.954825
0.992546
0.996425
0.996124
0.992379
0.992390
0.971545
0.997972
0.999871
0.845855
0.996147
0.988880
0.998249
0.992322
0.942414
0.999296
0.989739
0.998842
0.993690
0.980743
0.836695
0.997008
0.927473
0.994248
0.914878
0.989266
0.985939
0.991795
0.906041
0.987660
0.982102
0.926372
0.995129
0.986165
0.910471
0.865310
0.981425
0.976788
0.995712
0.943922
0.992769
0.998415
0.934443
0.987066
0.979992
0.964753
0.950268
0.999829
0.994587
0.988714
0.942179
0.997604
0.930055
0.876372
0.999363
0.993452
0.990473
0.949892
0.926694
0.958368
0.912887
0.961370
0.826382
0.914945
0.845092
0.826265
0.877796
0.916669
0.978615
0.998969
0.935713
0.985194
0.960089
0.862301
0.961083
0.916046
0.997510
0.977973
0.989094
0.990226
0.954057
0.929190
0.897372
0.940498
0.001292
0.187746
0.231466
0.002724
0.106287
0.170379
0.096023
0.121282
0.133449
0.050571
0.030102
0.090995
0.137149
0.062411
0.028850
0.109741
0.166524
0.110288
0.003753
0.049901
0.145877
0.073871
0.188527
0.054782
0.003645
0.104287
0.010964
0.086738
0.074884
0.233229
0.123667
0.116495
0.007882
0.069669
0.127171
0.044590
0.124086
0.006628
0.129804
0.098001
0.118774
0.141617
0.022620
0.041029
0.055488
0.048925
0.016866
0.024235
0.032140
0.018556
0.984506
0.909947
0.976323
0.920832
0.971137
0.985508
0.943273
0.927815
0.935854
0.960130
0.964377
0.939324
0.911721
0.844174
0.926295
0.964646
0.873585
0.980446
0.773000
0.911112
0.921069
0.918223
0.925467
0.892714
0.814035
0.944757
0.968300
0.907902
0.968997
0.902692
0.885204
0.873747
0.985093
0.879435
0.858533
0.781204
0.877332
0.900612
0.898057
0.972487
0.815138
0.952366
0.862191
0.946154
0.887234
0.956450
0.875046
0.874366
0.947211
0.995251
0.996924
0.767376
0.910738
0.944039
0.862517
0.748657
0.960615
0.901854
0.862329
0.906786
0.842018
0.976471
0.997993
0.993628
0.987327
0.969775
0.964576
0.992540
0.984771
0.962358
0.971474
0.988449
0.997569
0.975798
0.959927
0.977540
0.958920
0.986107
0.974450
0.994201
0.981518
0.905290
0.997334
0.990615
0.893436
0.993926
0.997741
0.984045
0.991078
0.985207
0.977780
0.992777
0.999729
0.991656
0.976314
0.971411
0.946981
0.991144
0.864273
0.980508
0.987554
0.981049
0.899523
0.969092
0.990023
0.996348
0.953095
0.980628
0.990166
0.994605
0.980045
0.936514
0.898213
0.915489
0.939707
0.923693
0.897619
0.964767
0.895968
0.967210
0.984002
0.989981
0.903959
0.915271
0.907568
0.966145
0.915583
0.913175
0.857773
0.863521
0.900958
0.955887
0.880792
0.979034
0.969756
0.938626
0.890707
0.914348
0.948242
0.974221
0.897722
0.884982
0.903713
0.909602
0.657430
0.926338
0.930739
0.998437
0.840854
0.913144
0.949195
0.802839
0.887567
0.996962
0.836666
0.932982
0.946740
0.865748
0.943302
0.974613
0.929007
0.908105
0.986941
0.961227
0.928952
0.806473
0.993654
0.892369
0.958535
0.921182
0.949935
0.953180
0.973558
0.896384
0.911837
0.937807
0.751956
0.847485
0.847900
0.988392
0.967673
0.917272
0.922417
0.939945
0.859026
0.970020
0.952928
0.997893
0.956909
0.960881
0.941935
0.933287
0.921702
0.885239
0.994935
0.843223
0.968048
0.905552
0.966470
0.946449
0.860357
0.994348
0.808100
0.777470
0.120636
0.036941
0.211701
0.038279
0.064730
0.083448
0.051155
0.029571
0.066638
0.003353
0.034339
0.025804
0.097366
0.016084
0.148597
0.100294
0.002727
0.003602
0.022799
0.082990
0.072522
0.019332
0.093004
0.013352
0.101621
0.066682
0.058176
0.122927
0.213558
0.233711
0.001867
0.020450
0.145733
0.101648
0.082931
0.143556
0.172028
0.103047
0.024091
0.126496
0.193721
0.026045
0.132264
0.033164
0.102137
0.115993
0.187987
0.027523
0.115670
0.078466
0.089535
0.191569
0.139327
0.127024
0.116623
0.147343
0.020767
0.159287
0.022928
0.083566
0.171579
0.148355
0.063536
0.097510
0.044127
0.041179
0.096844
0.126728
0.100764
0.152431
0.092597
0.070117
0.096001
0.085862
0.001373
0.025837
0.018777
0.073421
0.139444
0.008509
0.054906
0.003368
0.287304
0.004037
0.166661
0.037894
0.049750
0.115898
0.008065
0.006264
0.172922
0.040650
0.001950
0.126184
0.082208
0.023312
0.003121
0.014283
0.044350
0.176611
0.024790
0.005657
0.102375
0.012766
0.057670
0.038730
0.046423
0.108869
0.182423
0.052169
0.010093
0.160312
0.041026
0.195105
0.026138
0.085595
0.073282
0.000316
0.071614
0.027559
0.018384
0.179583
0.233251
0.979827
0.985787
0.967537
0.984338
0.891200
0.946753
0.985937
0.980638
0.988217
0.943518
0.971623
0.968424
0.985033
0.927355
0.979571
0.883534
0.993557
0.924440
0.928693
0.983128
0.835565
0.939472
0.932547
0.955697
0.983771
0.985628
0.933893
0.934971
0.981500
0.942092
0.955133
0.973942
0.983450
0.990546
0.955421
0.904410
0.953121
0.932865
0.859862
0.995264
0.951593
0.981383
0.985309
0.979502
0.939121
0.946055
0.903130
0.841680
0.970444
0.996027
0.180074
0.101215
0.008288
0.101046
0.169545
0.111429
0.046734
0.097020
0.091127
0.032341
0.072141
0.063561
0.108209
0.136782
0.106468
0.159837
0.074872
0.032297
0.003728
0.054765
0.049673
0.058063
0.115493
0.192647
0.133768
0.185459
0.115674
0.212586
0.007826
0.136696
0.160181
0.206390
0.107035
0.023349
0.080599
0.182378
0.043180
0.066685
0.010763
0.113705
0.034730
0.050004
0.186737
0.119356
0.147012
0.121511
0.085836
0.034157
0.123205
0.139518
0.916693
0.884775
0.744784
0.872823
0.915643
0.982531
0.836606
0.848519
0.840383
0.966571
0.077211
0.029638
0.213049
0.012333
0.040617
0.084086
0.076998
0.042864
0.122893
0.032384
0.049472
0.082675
0.091994
0.008716
0.080036
0.040002
0.124716
0.043227
0.000460
0.076132
0.020575
0.005980
0.021965
0.081586
0.079229
0.004164
0.093007
0.002618
0.005551
0.000362
0.112578
0.018322
0.017511
0.013514
0.013905
0.014154
0.084255
0.107052
0.178004
0.084498
0.912836
0.947123
0.921737
0.980774
0.951044
0.927220
0.946628
0.980467
0.927126
0.841916
0.778239
0.933991
0.983154
0.973753
0.889091
0.913668
0.860101
0.954814
0.959628
0.993876
0.945159
0.967192
0.931794
0.944951
0.958068
0.949941
0.950769
0.875645
0.973898
0.835583
0.952622
0.888253
0.889438
0.880055
0.903249
0.902948
0.975002
0.895207
0.825846
0.909624
0.819710
0.874063
0.984371
0.992178
0.773478
0.890651
0.803651
0.929777
0.929081
0.952953
0.992864
0.995389
0.904360
0.979754
0.901262
0.966305
0.960177
0.965529
0.971187
0.963419
0.975802
0.978569
0.985164
0.928663
0.954693
0.981401
0.122516
0.154318
0.109424
0.137487
0.143080
0.989633
0.936533
0.968700
0.906258
0.981316
0.977221
0.967881
0.971833
0.932026
0.985224
0.926378
0.992550
0.913782
0.982415
0.984432
0.829645
0.952899
0.987225
0.915046
0.953718
0.985798
0.996646
0.971302
0.954369
0.941816
0.888397
0.921111
0.881557
0.961288
0.910551
0.911942
0.869170
0.942641
0.894502
0.852589
0.944003
0.965607
0.898204
0.923421
0.919578
0.850511
0.025935
0.013565
0.014636
0.059454
0.086980
0.046609
0.000379
0.004570
0.189742
0.000674
0.007737
0.016403
0.043130
0.068477
0.001475
0.003406
0.151969
0.094201
0.007611
0.010719
0.019893
0.119270
0.005218
0.008187
0.002285
0.089322
0.006615
0.018934
0.029996
0.000866
0.004482
0.016251
0.000302
0.094472
0.002448
0.009105
0.015282
0.091797
0.853897
0.940505
0.799183
0.909327
0.941540
0.926843
0.963727
0.892925
0.888512
0.968067
0.901659
0.880608
0.798719
0.934644
0.918424
0.904358
0.827597
0.953607
0.989290
0.718601
0.888983
0.884029
0.736056
0.981156
0.867446
0.916332
0.752322
0.951574
0.960772
0.888855
0.928129
0.919791
0.904619
0.960714
0.932386
0.868344
0.943452
0.898533
0.952502
0.933752
0.970642
0.940005
0.861012
0.832548
0.916881
0.863206
0.916709
0.945108
0.941091
0.829680
0.851481
0.990109
0.968320
0.941860
0.969316
0.747924
0.991492
0.970599
0.983615
0.880658
0.904771
0.954054
0.932179
0.911925
0.891702
0.933492
0.937637
0.934132
0.925635
0.938204
0.863583
0.961290
0.941024
0.895670
0.886660
0.989614
0.762022
0.986561
0.810079
0.898553
0.906491
0.977511
0.792293
0.920171
0.840359
0.897559
0.921553
0.880412
0.845621
0.872584
0.796270
0.909026
0.934039
0.979277
0.982650
0.831764
0.813504
0.978666
0.914814
0.967718
